0.8024 -4.6997 -8.9328 3.3468
-5.4445 3.9059 1.1463 51.4567
-3.0652 4.4909 -9.2541 91.2216
-1.1292 -7.5679 -0.5192 82.3743
-7.9416 -3.5038 7.1474 99.5551
-5.5802 3.1447 4.0240 19.5055
-7.3646 2.7482 2.1338 40.6858
-0.7285 -5.0299 5.5497 44.2657
-4.8295 -1.4862 0.7550 81.6539
-2.2401 -2.7843 -8.5545 65.5802
7.2404 -1.4099 -2.3828 83.0254
2.6688 -1.5784 6.2032 97.0664
0.1411 6.5173 7.7970 21.6205
-8.8571 -4.8438 4.0363 46.5602
-4.3393 -0.6751 -8.5684 9.8577
1.3583 -3.3724 5.5908 15.7374
-6.3757 9.9819 3.8158 87.0059
-7.3875 1.8400 -9.1320 59.2297
-6.3372 -3.2525 -7.9149 28.5553
9.9454 6.4419 -2.4527 71.3728
-6.9269 -9.1078 8.4545 37.5417
9.2161 -7.1050 1.0599 84.9598
4.2229 -3.2003 5.1458 77.9050
-5.2631 -4.0561 -1.0191 62.3689
9.0493 8.4055 -9.6631 95.6090
-1.1850 3.7643 -0.4507 15.9464
-0.7497 -6.2818 7.7304 46.9992
7.8825 -5.6048 -8.5255 92.1060
-3.9787 8.9202 4.7326 35.7907
7.5731 0.8510 0.9390 89.5007
6.0269 7.4701 -1.1041 44.7873
9.9809 3.3837 8.1878 43.9049
7.7580 -5.8145 -1.8998 55.1556
-4.3515 -9.8481 7.2399 79.2512
6.6485 8.1184 -9.8582 96.3243
-3.2038 1.5059 7.7500 55.7713
1.4105 -5.3395 -8.0802 13.5967
0.6249 -9.1532 -8.3643 4.2969
1.1856 5.7768 -6.2714 38.8860
7.5003 3.4557 -3.4126 86.5345
9.6652 2.9284 -9.4458 10.9768
0.9817 2.5855 -1.8666 89.8279
2.1529 9.2869 5.6085 41.3458
1.6829 -7.8655 4.1280 84.7174
-4.1000 -3.2360 -7.6100 80.2737
2.8137 -6.4981 -1.4779 59.1434
0.3021 -0.2162 -8.0325 61.7966
-9.7265 0.1422 1.2324 76.5902
-5.9119 -7.9161 4.7179 17.0673
-6.8879 -6.1883 -9.8730 73.4279
1.9055 4.3837 -1.9121 96.7134
0.0238 -8.9774 -1.0808 29.7217
-6.5281 5.9547 -1.0991 16.1820
-3.8377 -0.3356 -2.0436 94.2726
-2.6274 -1.9904 -4.0386 41.0690
7.3504 6.6455 2.6807 5.7149
-0.4637 2.2189 7.1577 12.7686
1.3599 -9.6938 0.8536 25.4554
-6.1099 2.5969 -5.2466 40.9447
-0.9523 -4.4925 4.4882 12.8775
-4.3583 6.5267 5.7700 69.6659
-4.8001 9.6449 5.0397 60.4068
2.0005 -3.0752 -2.5821 83.6134
-6.6651 7.7542 -6.9190 94.5604
-1.2712 -1.6257 -6.8483 74.0264
-3.8353 0.2038 -9.3157 54.4586
-1.2520 -5.5197 -6.8298 97.4080
-7.3272 2.0273 1.0483 32.7100
5.1236 -0.5439 -5.1585 94.8222
6.8795 -0.5325 6.1576 86.5638
8.6159 -3.8404 3.5157 0.3807
2.1055 2.0292 4.9709 73.2763
4.6861 -4.7831 5.9799 77.7344
6.1095 -4.4916 2.4316 64.9382
1.4560 -0.6969 0.9376 84.0151
-2.9952 -5.9474 -8.0620 75.1951
8.3324 9.3651 -4.5905 70.4077
-2.3385 -6.2229 4.6209 26.0774
3.6273 -7.8917 -3.2015 64.0873
6.7419 -8.2884 5.5595 59.0461
0.4299 5.3451 0.5117 61.0141
-7.1282 1.5580 -8.4645 84.7832
-3.4321 -6.3848 -0.7355 16.9390
9.0446 4.7196 8.7528 0.5268
-1.0564 -9.0462 -0.3444 1.6046
-3.8349 2.5585 -3.9209 66.1918
0.8834 4.5834 7.4913 43.9049
-6.5785 -7.9399 9.8708 90.7704
-3.7116 9.8083 -2.7602 76.1805
-4.4517 -2.3005 3.1485 85.3189
5.8460 0.2976 4.6941 75.9451
-7.1529 -6.4196 5.1600 53.2805
7.6440 1.1409 7.2392 56.1607
-1.1282 -1.6876 -8.3146 29.4849
7.0457 7.1040 9.1264 3.8391
-4.2228 0.8405 -6.5132 11.9358
-1.9000 -8.4276 -5.4967 69.5634
-0.9247 9.5725 7.3540 88.6731
-6.5450 -3.6153 -1.2601 52.7685
-3.5468 -3.4593 -0.8087 54.9346
